id	location	CMS121_F	CMS121_R	CVRL01_F	CVRL01_R	VOLP08_F	VOLP08_R	CVRL06_F	CVRL06_R	VOLP32_F	VOLP32_R	YWLL08_F	YWLL08_R	YWLL38_F	YWLL38_R	CMS13_F	CMS13_R	LCA66_F	LCA66_R	VOLP03_F	VOLP03_R	CMS17_F	CMS17_R	CMS50_F	CMS50_R	YWLL44_F	YWLL44_R	CVRL02_F	CVRL02_R	CMS15_F	CMS15_R	VOLP67_F	VOLP67_R	VOLP10_F	VOLP10_R	YWLL09_F	YWLL09_R	CVRL07_F	CVRL07_R
p2001	PAK	130.77	135.42	196.8	201.6	132.54	135.96	183.12	185.75	260.7	260.7	130.77	138.59	172.06	188.7	237.23	249.95	237.23	237.23	169.62	171.24			147.5	155.19	78.5	82.28	205.09	210.4	131.1	140.44	133.28	140.33	222.97	224.1	135.18	147.61	262.47	284.2
p2002	PAK	135.44	138.89	195.66	220.08	144.41	181.53	194.02	199.81	261.04	261.04	125.33	127.67	169.89	173.92	237.39	241.09	237.39	241.18	171.63	181.53	140.79	146.38	149.05	155.41	100.17	102.92	211.92	222.35	104.15	131.92	131.92	140.79	223.08	235.12	147.77	153.39	261.62	284.28
p2003	PAK	141	148			136	136					141	160							170	170			143	152	78	83			146	149	146	149			143	151		
p2004	PAK			201.78	213.49	135.56	135.56			259.11	259.11	130.89	138.11	170.1	187.7	235.5	246.67	235.5	243.07	173.64	173.64	140.88	146.67	147.9	155.6	109.11	110.56	196.16	198.97	103.76	131.95	132.06	140.88	248.52	259.15	144.63	147.9	261.44	284.09
p2005	PAK	130.81	138.49	196.76	198.99	136.04	144.12	180	183.12	258.6	260.68	130.91	136.75	169.39	172.01	258.6	260.68	233.3	235.14	169.72	171.34	149.45	152.49	148.68	155.2	78.47	82.23	205.01	206.62	131.05	140.32	132.14	140.32	222.9	232.98	135.03	147.48	262.41	284.11
p2006	PAK	135.37	138.78	187.04	196.89	144.28	181.61	193.94	197.95	259.01	261.09			169.82	173.77	239.23	243.06	239.23	239.23	181.61	181.61	140.59	149.89	155.35	184.86	102.92	107.1	195.94	199.81	103.58	131.85	131.85	140.59	250.4	258.52	135.09	147.74	261.7	284.15
p2007	PAK	130.83	135.44	196.77	201.62	132.57	136.17	183.17	193.8	260.7	260.7	130.93	141.98	166.14	169.36	237.16	246.21	233.38	237.16	169.69	180.96			155.15	180.06	78.77	98.17	205.11	209.13	131.06	140.33	132.16	137.28	248.09	258.3	135.12	147.45	213.45	230.7
p2008	PAK	145.12	147.1	228.45	228.45	144.07	146.27	195.8	195.8	260.13	260.13	139.74	145.1					229.62	229.62			149.12	152.2	154.73	154.73	81.46	96.83	205.01	206.62	131.09	137.38							260.87	282.89
p2009	PAK	130.67	135.56	197.43	210.46	144.33	146.61	187.54	193.97	257.58	259.76	129.1	135.37	175.9	180.12	234.78	238.66	234.67	238.66	171.59	181.54	141.93	150	144.79	156.99	102.62	107.2	199.99	207.04	120.48	129.35	129.35	138.78	248.44	260.7	136.67	142.56	262.79	284.56
p2011	PAK	130.87	135.46	203.66	211.69	136.18	144.18	185.78	193.84	258.71	258.71	125.17	130.97	166.38	169.42	237.15	239.12	237.05	239.02	169.66	174.29	154.52	154.52	148.7	155.25	78.85	82.6	205.05	206.57	131	140.45	137.36	140.45	258.51	260.5	134.99	147.61	213.46	230.8
p2012	PAK	145	147.04	196.76	213.75	135.91	143.9	192.74	192.74			139.48	145	167.02	169.53			237.11	239.05	171.34	181.22			147.56	155.2	80.88	88.12	205.09	205.09	131.09	137.38	132.08	137.28	250.06	256.58	134.11	142.23	260.95	282.92
p2013	PAK	145.1	145.1	228.23	228.23	143.46	143.46	196.72	196.72	260.27	260.27	142.75	142.75			237.14	239.06									78	81.88			131.14	140.51							260.72	282.77
p2014	PAK	130.31	135.37	187.01	195.72	144.41	144.41	194	199.81	259.89	259.89	129.32	137.57	171.27	180.25	234.81	244.57	234.81	234.81	181.5	181.5	141.81	150	147.76	155.26	100.61	106.77	209.21	218.56	120.48	129.35	129.35	135.3	250.4	260.6	134.93	147.76	262.75	284.53
p2015	PAK	147.93	147.93	229.47	229.47	143.84	143.84	192.59	192.59	258.69	258.69	133.8	134.94	185.05	188.64	236.98	236.98	235.25	239.11	169.43	181.21	149.12	152.2	155.1	155.1	80.81	88.17			132.01	140.44	132.21	140.44	258.13	258.13	147.56	179.07	260.81	282.85
p2501	PAK	131.03	138.21	213.8	220.48	144.39	146.68	188.5	192.99	259.06	261.11	142.37	176.91	170	172.25	240.91	246.62	239.36	239.36	181.33	202.13	140.8	149.9	147.78	155.41	103.8	120.3	195.99	198.95	104.04	130.83	131.81	135.62	223.1	248.54	135.08	147.68	262.84	284.61
p2504	PAK			213.99	233.19	133.16	135.52			259.07	261.1	130.42	176.81	170.05	174.12	237.44	237.44	237.44	237.44	173.25	173.25	140.78	146.63	155.5	185.08	108.81	108.81	196.31	198.96	104.17	111.18	131.99	140.78	246.66	248.85	135.01	147.9	262.59	284.4
p2505	PAK			196.98	201.46	144.39	146.68			259.08	261.25			165.29	169.86	246.5	250.33	235.52	237.48	181.33	182.8	140.59	146.35	155.31	180.15	103.8	103.8	205.33	222.25	102.48	131.74	133.83	140.59	248.47	256.63	147.77	153.28	281.64	288.35
p2512	PAK	130.18	135.3	229.71	231.6	144.38	146.63	194.04	199.42			129.19	138.89	169.98	187.56	239.24	248.62	239.34	239.34	170.8	181.22	140.7	149.89	171.15	182.02	104.38	120.67	213.79	222.41	103.8	131.85	131.85	135.7	248.58	250.62	136.78	171.15	262.73	284.5
p2513	PAK	130.31	136.47	220.46	226.6	133.05	135.52	193.94	199.8			130.58	137.54	170.15	187.66	246.45	250.31	235.38	239.23	172.58	172.58	140.69	146.61	147.89	155.41	108.81	127.78	211.97	211.97	103.5	131.81	131.92	140.69	246.52	248.71	147.89	153.38	215.1	263.22
p4501	PAK	135	141			136	171					141	159											143	151	78	83			146	149	146	159			143	151		
p4503	PAK	135.41	138.78	234.61	249.69	144.33	149.05	194.04	199.9	259.02	259.02	126.44	130.67	169.63	179.21	235.52	250.25	235.52	235.52	173.15	181.22	140.6	146.37	146.69	155.31	100.77	104.15	195.8	199.61	102.48	110.95	131.85	140.6	248.63	258.77	146.69	153.28	261.62	284.18
p4504	PAK	141.81	150.41	190.73	196.18	144.33	146.61	194.02	199.81	259.1	261.17			169.8	172.16	237.47	252.24	237.37	237.37	181.7	181.7	140.6	149.89	144.79	149.11	103.06	120.38	195.54	198.64	102.81	131.85	131.85	133.83	248.43	248.43	136.67	142.45	262.75	284.63
p4505	PAK	142.47	146.93	202.15	217.85	150.09	150.09	200		259.67	267.03	129.2	142.25	171.11	179.86	238.16	244.24	232.49	232.49	170.23	181.84	141.78	149.78	144.79	165.97	114.09	127.81	200.58	208.79	120.67	129.44	129.44	135.11	258.43	260.48	145.9	172.35	262.66	284.49
p4506	PAK	130.67	135.78	201.95	213.6	144.44	146.71	187.54	193.97	259.05	261.12			169.53	175.66	250.37	250.37	239.36	241.23	181.21	181.21	140.49	146.26	148.94	156.32	100.88	104.04	199.41	206.13	102.7	130.75	131.74	140.49	258.65	264.92	147.55	153.28	265.97	287.75
p1102	PAK	130.4	135.41	196.95	213.63	144.4	146.69	194.02	199.9	261.21	261.21	130.78	139.45	169.89	177.98	246.71	250.5	233.63	235.57	171.77	181.49	140.81	150	147.16	155.4	103.14	120.3	212.06	222.54	104.04	131.92	131.92	140.81	258.57	258.57	135.12	147.48	261.56	284.15
p1010	PAK	142.36		197.05	220.15	144.33	146.71	194.06	199.9	260.99	260.99	130.29	135.3	169.93	173.84	250.36	260.99	237.26	239.2	170.96	181.55	140.77	146.51	146.83	155.45	103.6	120.38	199.62	202.38	105.14	131.99	131.99	140.77	248.47	250.52	144.58	147.68	262.74	284.58
p1117	PAK	131	141			144	171					130	137											152	155	79	94			132	140	140	149	248	248	147	152		
p1037	PAK	130.58	135.63	224.19	228.03			187.68	189.93	261.12	261.12	129.2	141.8	169.97	181.97	239.3	250.48	239.2	239.2			140.78	146.63	147.91	155.45			198.96	205.69	104.6	111.07	131.99	140.78			135.12	147.91	262.73	284.62
p1071	PAK	130.67	139.33	197.03	211.82	144.4	144.4	187.43	193.96	258.96	261.11	130.2	138.67	169.78	172.02	237.42	246.52	237.33	237.33	174.26	181.54	140.81	149.9	147.8	155.4	102.92	120.3	195.69	198.85	104.04	130.94	128.87	131.92	223.02	237.17	147.8	153.28	262.6	284.37
p1073	PAK									257.03	257.03			167.81	171.45	248.59	268.65	248.59	250.65			144.4	146.8					219.24	222.84	104.02	106.88	144.4	146.8						
p1085	PAK	141.84	150.31	195.91	209.92	144.28	146.57	194	199.9	261.18	261.18	130.2	138.67	170.02	172.15	237.51	243.74	237.41	239.33	171.72	174.29	141	146.43	153.35	155.45	102.92	106.88	195.73	199.81	104.17	125.09	128.86	133.28	223.03	235.13	140.23	147.49	262.6	284.37
p501	PAK	142.35	149.68	187.09	197.02	146.8	149.05	194.04	199.33	261.18	261.18	129.31	136.71	169.75	179.42	237.47	250.37	237.37	239.31	181.84	181.84	140.78	149.69	145.76	155.46	103.8	120.19	195.97	211.9	103.3	111.28	131.99	134.69	248.6	258.78	134.86	145.65	262.75	284.55
p502	PAK	142.31	150.41	234.54		144.38	146.73	195.05		261.19	261.19	129.2	135.3	169.87	187.41	237.32	243.15	222.32	231.6	181.25	181.25	140.57	149.68	155.3	179.37	104.27	104.27	195.88	198.76	104.04	131.81	131.81	135.3	248.64	256.86	153.38	179.28	262.65	284.54
p503	PAK	130.67	139.33	187.18	195.84	144.29	144.29	187.52	193.94	257.86	260.09	144.38	176.88			232.8	238.55	232.8	236.91	173.17	181.54	142.01	143.46	147.59	153.35	102.92	109.63	200.25	218.83	116.11	121.11	122.56	129.56	222.92	235.12	140.23	142.54	262.76	284.57
p505	PAK	130.56	136	189.53	196.24	132.94	173.8	187.43	193.86	259.16	259.16	124.22	127.78	169.85	187.5	237.34	239.26	237.44	239.26	173.8	215.23	140.67	149.9	145	149.24	108.69	125.64	196.1	198.86	103.63	131.88	131.88	140.67	246.49	248.68	136.5	142.71	261.55	284.19
p506	PAK	130.56	138.11	197.1	201.88	144.29	146.58	187.41	193.72	259.06	261.07	130.56	135.78	169.99	187.52	233.47	237.37	233.57	237.37	181.48	181.48	140.87	149.9	147.82	155.55	102.92	120.19	195.76	198.87	103.76	130.99	128.96	132.06	222.92	248.34	134.94	147.82	261.52	284.08
p508	PAK	135	138			144	171					142	176											151	158	79	94			132	140	132	140			147	152		
p3001	PAK	145.02	145.02	196.89	201.71	136.02	144.01	192.51	192.51	260.77	260.77	136.51	139.67	183.7	186.87	237.14	239.06	237.14	239.06	169.46	173.93	149.45	152.49	147.58	155.3	80.98	88.12	206.82	206.82	149.35	152.46	140.53	149.46	223.76	237.5	135.16	147.58	237.89	260.92
p3002	PAK	131	138			136	144					141	159											143	146	78	84			132	134	140	146	248	250	143	151		
p3003	PAK	145.06	145.06	229.22	229.73	143.95	146.31	192.65	192.65			139.75	144.98	165.24	169.58	237.24	239.25	235.33	237.24	181.31	181.31					81.32	86.6			131.14	140.51	132.3	137.51			145.45	179.21	260.87	282.89
p3004	PAK	130.95	135.56	196.54	207.39	136.04	139.66	183.22	185.84	260.8	260.8	130.95	138.8	165.18	169.46	260.8	260.8	229.52	237.25	181.28	183.41			165.91	178.94	81.11	83.88	206.87	206.87	149.34	152.57	132.01	133.69			142.12	147.12	213.65	230.91
p3005	PAK	130.94	135.55	198.78	207.42	136.04	143.95	183.23	193.88	260.72	260.72	130.94	135.55	183.88	188.79	246.31	260.72	235.31	239.11	169.64	174.08			147.31	151.7	81.3	88.2	206.91	206.91	149.34	152.49	137.28	140.55	250.03	258.07	134.98	151.7	262.59	284.52
p3501	PAK	130.92	138.49	196.55	208.09	136.05	144.06	193.76	199.6	258.84	258.84	130.92	136.86	165.47	169.84	237.38	239.3	237.28	239.2	171.3	174.24			155.1	166	78.47	82.13	207.1	207.1	149.57	152.58	132.31	140.51	223.92	248.23	135.02	147.45	262.51	284.16
p3503	PAK	130.92	138.6	228.37	234.3	136.03	144.01	193.76	199.7	260.78	260.78	131.02	137.59	165.42	169.63	246.33	250.34	235.37	235.37	169.57	180.98	149.45	152.59	155.06	155.06	78.1	81.87	207.09	207.09	149.56	152.59	132.32	140.44	248.25	250.24	153.07	155.89	262.37	284.16
p3504	PAK	130.85	136.36	227.77	234.16	136.02	144.01	193.8	194.6			130.95	136.87	165.46	169.73	239.24	250.24	233.37	239.14	169.52	180.96	149.67	152.57	155	178.16	78.11	81.9	205.34	211.8	124.72	132.27	132.17	138.4	260.38	260.38	134.09	147.45	262.47	284.13
p3505	PAK	130.95	135.6	196.53	213.47	135.97	144.07	194.06	200	260.84	260.84	130.95	138.6	183.91	183.91	237.25	239.21	237.25	239.1	169.67	174.2			147.43	155	81.54	88.19	207.05	207.05	126.06	131.08	132.17	133.77	222.9	248.01	134.86	142.05	262.7	284.7
p3506	PAK	137.69	144.51	203.65	234.23	136.03	144.01	183.23	193.88			137.59	137.59	169.68	172.19	246.45	252.22	235.36	237.31	169.54	171.47	149.45	152.51	182.35	184.38	81.27	83.84	205.3	209.32	124.64	132.19	132.29	138.39	248.07	258.21	151.99	155.92	228.97	228.97
p3508	PAK	131.03	135.97	211.7	226.02	146.69	146.69	187.46	194.01	259.13	259.13	125.67	131.22	170.11	176.24	241.08	246.7	235.47	236.13	173.02	181.25	140.9	150.1	145.83	155.6	103.69	120.19	207.32	213.9	104.06	104.06	131.99	136.41	248.44	248.44	135.05	147.62	261.43	284.04
p3512	PAK	130.76	135.41	227.69	234.23	132.61	136.04	193.64	199.6			130.86	135.52	169.82	172.47	237.32	239.33	237.22	239.13	169.69	174.37	154.28	154.28	155.97	178.95	78.31	82.11	205.47	205.47	131.19	140.62	132.35	140.73	223.04	234.91	134.13	147.37	262.35	284.04
p3513	PAK	131.03	135.52	211.72	234.55	144.28	146.57	188.57	195.16	259.12	259.12	124.07	131.03	170.32	176.29	240.99	246.74	237.42	239.39	173.11	181.87	140.96	146.8	147.47	155.55	103.69	110.18	196.49	199.08	104.31	132.02	132.02	136.14	223.11	248.56	153.44	179.5	261.6	284.12
p3518	PAK	138.89	141.79	187.11	204	144.28	146.68	194.06	199.81	260	260	124.07	131.03	167.4	172.26	246.68	248.74	236.94	238.92	171.82	181.38	141.9	143.79	147.8	155.35	100.61	103.69	202.6	209.02	120.44	129.33	129.33	138.78	248.54	260.75	134.9	144.61	263.44	285.92
p3520	PAK	130.67	135.78	198.53	209.18	144.29	144.29	187.45	193.89	259.01	261.13	125.42	130.58	170.07	187.65	240.91	248.56	239.29	239.29	171.47	181.2	140.87	146.66	144.95	160.48	100.5	103.58	198.97	205.74	104.4	132.06	132.06	140.87	248.42	264.85	136.8	142.64	261.76	284.25
p3521	PAK	135	138			144	172					130	142											151	157					132	140	140	146	248	265	147	151		
p3523	PAK	136.39	138.89	234.59		144.4	144.4	194	199.81	259.09	261.14	129.31	136.82	169.86	172.02	233.63	239.35	233.63	239.35	181.35	181.35	140.58	146.39	155.4	178.75	103.69	120.3	195.86	198.75	103.17	131.81	131.81	140.58	260.81	260.81	135.01	147.8	262.6	284.44
p3524	PAK	145.12	147.1	213.54	228.14	144.02	171.23	192.73	192.73	260.86	260.86	134.93	139.72	165.34	169.58	260.86	260.86	239.27	239.27	171.23	180.85	149.45	152.49	155.1	172.15	78.18	82.13	207.15	207.15	149.56	152.49	132.14	140.45	248.15	248.15	147.45	153.03	260.93	282.91
p4004	PAK	135.37	138.78	187.08	196.87	144.29	144.29	194.02	199.81	261.02	261.02	129.39	137.65	169.84	179.7	237.29	239.15	237.29	239.15	170.7	181.54	140.7	146.57	148.94	155.31	102.92	120.19	196.02	198.74	103.91	111.06	131.85	140.7	248.41	258.53	134.71	147.77	216.84	226.78
p4005	PAK	137.74	144.91	189.44	209.16	144.28	146.57	198.28	204.48	261.04	261.04	129.21	141.84	170	176.1	235.52	239.33	235.52	239.23	172.76	181.56	140.61	149.89	144.79	160.34	102.81	120.3	196.15	198.75	103.44	131.67	131.78	140.61	248.16	248.16	136.67	142.56	262.71	284.45
p4006	PAK	141.84	147.12	187.17	195.89	144.23	146.66	193.92	199.8	261.11	261.11	135.48	141.94	169.83	179.38	226.65	237.35	237.35	239.19	170.79	181.61	140.69	146.5	147.9	155.46	102.22	106.67	195.98	198.85	103.28	111.01	131.81	134.75	258.46	258.46	147.79	153.45	262.71	284.45
p4007	PAK	142	150	212	239	136	144	194	194			142	160							172	172	150	153	143	152	102	110			150	153	141	147			143	148	263	285
p4008	PAK	135.37	138.89	186.5	197.02	144.24	146.56	193.94	199.8	261.04	261.04			169.79	181.74	231.58	237.32	237.32	239.17	180.42	181.41	140.68	149.79	144.55	147.68	102.89	102.89	195.77	205.29	103.39	131.92	131.92	134.75	248.35	256.46	147.78	179.22	261.46	284.05
p4009	PAK	130.89	133.11	232.86	233.25	133.11	135.56	187.48	188.45	259.17	261.22	129.31	135.41	169.73	174.53	237.42	239.07	235.48	237.42	172.61	173.36	140.61	146.49	179.18	180.34	106.89	109.22	206.26	222.48	102.92	131.74	131.63	134.38	246.19	246.19	179.28	180.34	262.77	284.64
p1	PAK	135.44	138.78	186.98	196.97	144.4	146.71	193.96	199.81	257.56	259.74	141.88	146.84	165.07	168.77	234.63	236.63	234.63	236.63	181.19	181.85	141.78	149.78	147.77	155.31	103.99	120.17	199.82	206.87	120.67	129.44	129.44	135.22	223.09	247.61	144.62	147.66	262.69	284.45
p2	PAK	130.4	141.7	234.61	249.74	133.11	135.56	194.06	199.81	261.15	261.15	129.4	135.66	169.75	173.9	233.62	237.43	233.62	237.43	173.48	215.41	140.57	146.27	149.89	155.79	108.67	124.67	198.64	211.82	102.95	131.92	131.92	140.57	257.63	259.77	134.46	148.71	262.69	284.54
p3	PAK	145.08	145.08	196.78	213.89	136.04	144.01	192.78	192.78	258.73	260.81	139.64	145	172.23	183.94	258.84	260.91	229.59	239.28	169.56	181.04			147.56	155.21	78.1	81.68	210.9	210.9	131.22	140.55	132.21	140.66	248.09	258.25	135.12	147.45	260.99	283.02
p4	PAK	135.3	138.78	220.36	234.54	144.4	146.69	194.04	199.81	259	261.05	136.71	166.29	170.01	175.47	233.48	235.41	233.48	235.41	181.26	199.04	140.79	146.59	149.05	155.41	103.69	120.08	196.11	198.86	104.15	131.92	131.92	140.79	248.55	250.7	134.97	147.68	262.67	284.44
p5	PAK	141.66	146.73	190.75	210.69	144.4	146.8	194.02	199.81	259.05	261.11	129.2	135.41	169.61	187.32	237.37	243.05	237.47	237.47	171.02	181.65	140.6	149.68	144.73	150.45	104.02	120.19	206.2	210.96	102.48	131.74	131.74	140.6	260.71	260.71	136.53	142.49	262.65	284.43
p6	PAK	147.15	147.15	196.83	213.88	143.95	169.69	192.68	196.61	260.64	260.64	139.81	145.09	183.82		260.64	260.64	227.58	248.28	169.69	181.07	154.52	154.52	147.72	152.07	78.21	82.01	206.87	206.87	119.11	121.93	183.82	183.82	223.92	260.36	147.5	151.97	260.72	282.77
p7	PAK			196.97	213.58	142	145.04			261.14	261.14	130.4		169.69	187.33	239.3	248.47	239.3	239.3	171.53	183.04	140.61	146.44	155.31	178.61	104.27	104.27	195.89	198.63	102.67	131.78	131.78	140.61			134.93	147.66	262.74	284.56
p8	PAK	147.15	147.99	196.78	208.27	136.06	144.12	192.74	192.74	260.73	260.73	136.67	139.81	169.19	171.94	237.21	246.26	233.37	237.21	169.62	174.38	149.12	152.2	148.78	155.26	78.77	82.44	205.07	209.04	131.15	140.45	132.16	140.34	224.13	245.87	135.15	147.35	260.88	282.85
p9	PAK	130	136	203	217	136	139	194	194			130	142	176	184	238	251	227	228	169	172	141	147			106	110	212	225	132	141	132	141			143	152	239	252
p2506	PAK	145.12	147.1	228.18	228.18			192.63	196.5	260.69	260.69	139.73	139.73			236.98	236.98	229.16	229.16			154.28	154.28			78.47	82.34	205.05	206.57	149.35	152.46	154.28	154.28					260.67	282.7
p2512	PAK	145.1	145.1	196.63	201.22	144.01	146.34	192.88	192.88	258.67	258.67	142.7	142.7	183.78	183.78	258.78	258.78	229.21	246.11	171.45	181.45			147.23	154.94	81.62	96.75	205.11	209.13	132.01	140.44			248.08	248.08	134.98	147.23	283.01	283.01
p2518	PAK	145.1	145.1	196.68	208.04	136.04	143.95	192.75	192.75	260.67	260.67	139.66	145.01	183.81	183.81	239.06	260.77	235.33	239.06	169.6	171.74	154.52	154.52	147.37	155.1	81.11	83.78	205.05	209.21	131.1	140.34	132.21	140.45	222.68	223.91	135.14	142.09	260.84	282.82
p2521	PAK	145.08	145.08	196.72	208.11	144.01	146.34	192.68	192.68	258.68	260.8	136.33	139.82	169.1	171.86	239.11	246.24	239.11	241					147.61	155.3	78.47	82.14	208.89	212.07	121.41	131.09	132.01	140.24			135.08	142.16	237.85	260.91
p2522	PAK	145.12	147.1	196.88	208.18	144.07	146.49	192.79	192.79	260.76	260.76	134.98	136.61	171.98	173.41	246.25	260.76	237.18	239.16	171.13	172.93			151.99	155.2	78.74	82.58	205.08	209.06	130.93	140.24	132.04	140.24	258.54	258.54	134.15	142.2	260.96	283.08
p2525	PAK	145.02	147.46	196.66	208.11	135.92	138.48	192.75	192.75	260.67	260.67	135.06	139.75	165.2	169.48	246.29	260.78	235.36	239.1	169.59	174.78			154.93	160	80.98	83.83	205.07	209.14	131.18	140.34	132.28	140.45	223.95	234.78	135.11	147.25	260.86	282.88
p1501	PAK	135.41	138.78	186.94	201.84	144.29	146.69	194.12	199.9	259.13	261.1	129.1	138.89	169.9	187.53	239.31	250.38	239.31	239.31	181.6	181.6	140.7	149.79	147.78	155.31	102.7	120.19	195.95	198.75	103.69	131.85	131.85	134.71	248.37	258.54	134.86	140.24	262.67	284.45
p1503	PAK	141.85	150.2	187.1	196.9	146.73	149.06	194.99	198.21	259.14	261.2	129.51	137.81	169.81	187.53	239.36	250.5	239.36	239.36	171.21	181.25	140.68	146.49	147.77	155.41	110.53	120.45	196.05	198.85	104.04	131.92	131.92	140.68	248.71	265.06	134.82	147.77	262.71	284.51
p1507	PAK	135.44	138.89	189.47	196.21	149.91	149.91	194.04	199.9	261.14	261.14	142.5	158.23	169.9	183.73	250.43	252.39	239.28	239.28	181.74	181.74	140.7	146.46	144.79	150.44	113.9	127.62	198.85	205.59	103.91	131.85	131.85	140.7	250.26	258.35	136.67	142.56	262.71	284.66
p1508	PAK	136.39	141.81	187.1	197	144.33	146.71	194	199.81	261.26	261.26	129.4	135.55	170.07	172.23	239.4	246.7	239.4	239.4	181.26	199.14	140.79	146.59	147.99	155.41	100.66	104.04	196.08	198.95	104.26	131.92	128.87	131.92	250.6	258.71	134.97	147.89	262.76	284.62
p1510	PAK	135.55	138.89	210.08	213.61	144.32	144.32	194.06	199.81	261.1	261.1	129.31	137.58			237.46	248.52	237.36	239.31	171.74	174.58	140.79	146.38	147.54	153.31	100.12	103.17	198.74	205.5	104.37	132.79	128.22	131.92	223.05	235.13	140.14	144.5	262.78	284.5
p1511	PAK	130	139	202	212	136	139	194	200	259	261	142	159	170	184	239	251	239	239	169	172	141	150	141	152	104	110	212	212	150	153	132	141			143	148	263	285