id	location	CMS121_F	CMS121_R	CVRL01_F	CVRL01_R	CVRL05_F	CVRL05_R	VOLP08_F	VOLP08_R	CVRL06_F	CVRL06_R	VOLP32_F	VOLP32_R	YWLL08_F	YWLL08_R	YWLL38_F	YWLL38_R	CMS9_F	CMS9_R	CMS13_F	CMS13_R	LCA66_F	LCA66_R	VOLP03_F	VOLP03_R	CMS17_F	CMS17_R	CMS50_F	CMS50_R	YWLL44_F	YWLL44_R
sMG101	MG	147	149	206	224	168	172	143	143	191	205	205	255	152	152	186	190	236	246	255	255	242	246	130	140	166	166	147	147	91	101
sMG102	MG	147	157	194	226	158	168	143	145	191	205	205	255	140	154	186	186	246	246	251	255	242	242	130	130	154	166	171	179	101	101
sMG104	MG	147	157	218	226	168	168	143	143	191	201	205	255	154	158	186	190	234	246	251	251	242	246	130	140	154	166	171	181	101	101
sMG107	MG	143	149	226	226	166	168	143	145	191	205	205	255	144	158	186	190	230	246	255	257	242	246	150	150	166	166	147	179	86	86
sMG108	MG	147	147	194	226	158	168	145	145	191	205	255	255	144	144	186	190	236	236	251	255	238	238	140	144	138	166	171	185	101	101
sMG110	MG	147	149	206	226	158	168	143	143	191	205	205	255	138	138	176	190	238	242	239	251	242	246	130	140	138	166	171	179	99	101
sMG111	MG	143	149	194	226	168	168	143	143	189	201	205	255	144	154	186	186	236	238	255	255	242	246	130	140	138	166	179	185	91	101
sMG112	MG	149	159	220	226	158	168	143	143	201	205	205	255	144	144	176	190	236	242	255	255	224	242	130	140	138	166	147	147	101	101
sMG114	MG	147	159	226	226	168	168	143	143	191	205	205	255	154	158	176	190	238	238	251	255	224	242	130	140	154	166	165	179	91	101
sMG116	MG	147	149	218	226	168	168	143	143	205	205	205	255	138	138	176	190	236	238	255	255	226	242	130	130	138	166	171	171	101	101
sMG117	MG	147	159	200	218	158	164	145	145	201	205	205	255	154	154	186	190	236	246	255	255	238	242	140	162	138	166	171	179	101	103
sMG118	MG	147	157	206	226	158	168	145	145	191	205	205	255	144	154	178	186	236	246	245	255	224	244	130	140	138	166	179	179	101	103
sMG119	MG	147	147	218	226	168	168	143	145	201	201	205	255	162	162	176	190	236	246	255	255	242	242	130	140	166	166	171	171	91	101
sMG121	MG	147	149	200	219	158	158	143	143	201	201	205	255	138	154	186	190	238	246	251	251	242	242	130	140	138	166	147	179	85	99
sMG123	MG	143	145	204	216	158	172	143	143	191	205	205	255	142	154	186	190	242	246	255	255	226	242	130	140	138	166	187	187	91	99
sMG152	MG	143	145	204	216	158	158	143	143	201	205	205	255	138	138	186	186	236	236	255	255	242	242	130	140	138	166	147	147	99	101
sMG153	MG	147	147	194	206	164	168	143	143	191	205	205	255	144	154	176	190	236	236	245	251	238	238	130	140	138	166	147	177	101	103
sMG158	MG	145	147	194	226	156	168	143	145	191	205	205	255	144	144	190	190	236	236	251	255	242	246	130	140	138	166	185	185	101	101
sMG159	MG	147	165	206	226	156	168	143	143	201	205	205	255	140	140	186	186	238	238	255	255	242	246	154	154	138	166	171	181	101	101
sMG124	MG	147	149	194	226	158	168	143	145	191	205	205	255	140	154	186	186	238	238	251	255	228	246	130	140	138	166	147	179	85	99
sMG182	MG	137	147	204	218	158	160	145	145	191	203	205	255	138	144	186	190	238	238	255	255	226	246	140	140	166	166	147	179	101	103
sMG164	MG	147	147	194	226	158	164	143	143	191	205	255	255	154	154	186	190	236	246	255	255	242	246	130	140	138	166	171	171	101	103
sMG165	MG	145	157	206	218	158	168	143	143	191	205	255	255	138	158	186	190	238	238	239	251	242	242	150	162	138	166	176	185	101	102
sMG175	MG	149	157	218	226	158	158	145	145	201	201	255	255	144	154	186	186	236	246	251	251	242	246	140	140	138	166	147	179	85	101
sMG176	MG	147	147	194	226	158	168	143	145	191	205	205	255	154	154	186	186	236	236	255	255	242	246	130	140	138	166	181	185	101	101
sMG113	MG	147	147	206	218	158	168	143	145	191	203	205	255	140	140	186	190	235	246	251	251	242	246	130	130	138	166	181	185	101	103
sMG105	MG	143	147	200	218	156	174	143	143	191	203	205	255	138	154	186	190	236	236	251	255	226	236	130	140	138	166	147	147	101	103
sMG181	MG	147	157	218	226	158	168	143	143	191	203	205	255	138	162	186	190	238	242	255	255	242	246	130	140	138	166	147	147	101	101
sMG183	MG	147	157	194	194	158	172	143	143	191	201	205	255	154	154	186	190	238	242	251	257	236	236	130	140	138	166	147	177	101	103
sMG190	MG	147	147	226	226	158	168	143	145	205	205	205	255	154	154	186	186	238	240	251	255	228	246	130	140	138	166	179	185	101	103
sMG100	MG	147	149	196	234	156	172	143	143	191	205	205	255	138	162	186	186	236	248	251	255	238	242	140	140	138	166	171	171	101	103
sMG180	MG	143	165	192	192	156	172	145	145	191	205	205	255	144	144	186	190	236	236	255	255	242	246	150	162	138	166	179	181	101	101
sMG193	MG	147	159	226	226	154	172	143	143	201	201	255	255	154	154	186	186	240	248	255	255	242	242	130	140	138	166	171	171	101	101
sMG43	MG	147	149	226	226	158	168	143	143	191	205	241	255	138	162	186	186	236	238	255	255	242	242	154	154	138	166	185	185	101	101
sMG44	MG	147	147	194	194	168	168	143	143	191	205	241	255	154	162	186	186	238	246	255	255	226	242	130	140	138	166	171	171	101	101
sMG97	MG	147	149	194	226	154	168	143	145	191	205	255	255	150	152	186	186	238	240	255	257	242	246	130	140	138	166	171	171	101	101
sMG4	MG	149	165	206	228	158	168	143	147	201	205	255	255	138	138	176	190	236	238	251	255	238	242	130	140	138	166	179	179	101	101
sMG95	MG	147	165	226	226	158	168	143	143	191	205	205	255	138	154	186	186	236	246	245	255	226	242	130	140	138	166	171	179	101	101
sMG96	MG	147	157	226	226	158	158	143	143	191	205	205	255	138	138	186	190	238	238	245	255	228	246	130	140	138	166	171	171	99	103
sMG99	MG	157	157	226	228	158	158	143	145	201	201	205	255	138	154	176	190	236	238	251	255	242	246	130	140	138	166	171	181	101	101
sMJ154	MJ	147	157	220	226	158	168	143	143	191	205	205	255	138	138	186	190	236	246	255	255	242	241	130	140	138	166	179	185	103	103
sMJ31	MJ	147	147	216	226	168	172	143	143	205	205	255	255	160	162	186	186	238	238	251	255	242	242	140	166	138	166	171	179	101	101
sMJ161	MJ	145	145	226	226	164	168	143	145	191	205	255	255	140	154	186	190	238	246	255	255	242	242	130	140	138	166	171	179	99	101
sMJ162	MJ	147	147	226	228	158	168	143	145	191	205	205	255	160	162	186	186	238	242	251	255	228	246	130	140	138	166	179	179	99	103
sMJ36	MJ	145	147	226	226	156	168	143	143	191	205	255	255	138	138	186	186	236	238	251	251	242	242	140	140	138	166	179	185	101	101
sMJ167	MJ	145	145	194	226	158	168	143	143	201	205	205	255	154	160	186	190	238	246	251	255	242	246	130	140	138	166	171	181	101	101
sMJ170	MJ	147	165	226	228	158	158	143	143	191	205	255	255	140	158	186	190	236	246	255	255	242	246	130	140	138	166	179	185	101	101
sMJ171	MJ	143	145	204	234	158	158	143	145	191	205	205	255	154	154	186	190	236	246	251	255	236	236	130	140	138	166	171	185	101	101
sMJ172	MJ	147	163	200	226	158	168	145	145	205	205	255	255	138	138	186	190	238	242	251	255	238	238	130	140	138	166	171	185	101	101
sMJ174	MJ	147	149	226	226	164	168	143	143	191	201	255	255	138	138	186	186	230	246	255	255	242	242	130	140	138	166	179	187	85	103
sMJ61	MJ	147	147	226	226	160	160	143	145	205	205	255	255	138	138	186	186	236	238	255	255	238	242	140	140	138	166	179	181	99	101
sMJ34	MJ	147	163	218	226	158	168	143	143	191	205	255	255	148	148	186	186	236	246	255	255	226	226	130	140	138	166	179	185	91	101
sMJ37	MJ	147	165	196	206	168	168	143	161	205	205	251	251	160	162	186	186	238	246	251	251	242	242	142	164	138	166	171	181	99	101
sMJ188	MJ	147	157	194	226	158	158	143	143	191	205	205	255	154	154	178	186	238	242	255	255	226	242	130	140	138	166	171	181	101	103
sMJ62	MJ	147	147	200	228	158	168	143	143	205	205	241	255	144	144	186	186	238	238	255	255	242	246	140	140	138	166	147	179	103	103
sMJ18	MJ	147	163	194	228	158	168	143	143	191	205	205	255	138	160	186	190	238	238	255	255	246	246	130	140	138	166	171	179	101	103
sMJ20	MJ	147	149	224	226	158	168	143	143	191	205	255	255	136	170	186	186	236	236	251	251	226	242	130	140	138	166	179	179	101	101
sMJ21	MJ	147	149	194	206	164	168	143	145	191	205	205	255	138	138	186	190	236	246	255	255	242	242	130	140	138	166	171	181	101	101
sMJ22	MJ	147	159	218	226	168	168	143	143	205	205	255	255	154	154	190	190	238	246	245	255	238	242	130	140	138	166	177	179	101	103
sMJ23	MJ	147	165	192	226	168	172	145	145	191	205	255	255	146	148	186	190	238	238	251	252	242	242	141	140	138	166	147	171	101	101
sMJ24	MJ	145	147	194	226	158	168	143	143	205	205	255	255	158	160	186	186	235	238	255	255	242	246	150	162	138	166	171	171	101	101
sMJ66	MJ	157	165	226	226	164	168	143	143	205	205	255	255	154	158	186	190	238	238	255	255	242	246	130	140	154	166	181	181	99	99
sMJ30	MJ	147	165	226	226	168	168	143	145	205	205	255	255	158	158	186	190	236	238	251	251	246	246	140	140	154	166	147	171	99	101
sMJ27	MJ	147	147	226	226	168	168	143	143	191	205	255	255	142	142	190	190	238	246	255	255	242	246	140	140	154	166	181	185	99	103
sMJ28	MJ	145	147	218	226	158	172	143	143	205	205	255	255	154	158	186	186	236	238	251	251	242	246	130	140	154	166	171	181	99	101
sMJ29	MJ	145	145	218	226	158	172	143	145	191	205	255	255	160	162	186	186	238	238	251	251	242	242	130	140	154	166	181	181	99	101
sMJ32	MJ	145	147	212	226	158	158	143	143	205	205	255	255	158	162	186	186	238	238	255	255	242	246	140	140	154	166	181	181	101	103
sMJ33	MJ	157	163	204	218	168	168	143	143	201	205	255	255	138	160	186	186	236	238	251	257	242	242	130	140	154	166	165	179	99	101
sMJ35	MJ	145	147	226	226	158	158	143	143	201	205	255	255	154	154	186	190	238	238	251	255	242	246	130	140	154	166	171	185	99	99
sMJ57	MJ	147	165	226	234	158	158	143	145	201	205	205	255	154	162	186	188	238	246	255	255	238	246	132	132	138	166	147	181	101	101
sMJ58	MJ	145	145	226	226	158	168	143	143	205	205	255	255	142	142	186	190	236	238	245	255	238	242	130	140	138	166	172	172	101	101
sMJ59	MJ	147	157	226	226	164	168	143	145	201	205	255	255	140	140	186	190	236	238	255	255	238	242	130	140	138	166	172	181	99	101
sMJ60	MJ	157	165	226	226	158	168	143	145	201	205	255	255	140	140	186	186	238	246	255	255	242	242	130	140	138	166	171	171	101	103
sMJ63	MJ	147	147	224	226	158	158	143	145	191	205	205	255	138	138	186	186	236	248	251	255	242	246	130	140	138	166	147	179	85	99
sMJ64	MJ	147	163	220	224	158	172	143	145	205	205	255	255	138	138	186	186	238	248	251	251	226	242	142	142	138	166	147	171	101	103
sMJ65	MJ	145	157	204	216	158	158	143	143	191	205	255	255	160	162	186	190	238	246	251	255	242	246	130	140	138	166	147	185	101	109
sMJ67	MJ	147	149	224	226	158	168	143	143	191	205	255	255	138	140	186	190	242	242	255	255	242	242	130	140	138	166	179	181	101	103
sMJ68	MJ	147	165	220	226	158	168	143	145	191	205	205	255	140	142	186	190	230	246	251	255	242	242	130	140	138	166	171	181	101	101
sMJ69	MJ	147	147	204	226	158	158	143	143	205	205	205	255	138	140	186	186	246	246	251	255	228	246	130	140	138	166	147	179	85	99
sMJ70	MJ	157	157	204	226	168	168	143	143	205	205	255	255	140	140	186	186	238	248	255	255	226	242	140	168	138	166	147	171	101	101
sSH138	SH	147	147	226	228	168	168	143	143	191	205	205	255	142	142	186	186	238	246	251	255	238	238	130	140	138	166	177	169	101	103
sSH139	SH	147	165	226	228	168	168	143	143	201	201	255	255	154	158	186	186	242	246	251	255	238	242	130	140	138	166	181	187	101	103
sSH140	SH	145	163	216	226	158	158	143	143	191	205	205	255	140	140	186	190	236	238	251	255	242	242	130	140	138	166	171	179	91	99
sSH141	SH	147	159	194	194	158	158	143	143	191	205	255	255	146	146	186	190	236	248	255	255	226	242	130	140	138	166	147	171	99	101
sSH142	SH	147	149	194	194	168	168	143	143	191	201	255	255	142	160	186	186	238	246	251	255	242	246	130	140	138	166	177	177	101	103
sSH143	SH	147	157	194	206	158	158	145	145	191	205	205	255	138	158	186	186	230	246	251	251	226	242	162	164	138	166	147	171	95	103
sSH144	SH	145	145	226	228	158	168	143	145	191	205	205	255	140	140	186	186	248	248	251	251	238	238	130	130	138	166	165	179	91	101
sSH145	SH	147	147	194	226	168	168	145	147	191	205	255	255	138	170	186	190	230	248	239	251	242	246	154	166	138	166	171	181	101	103
sSH146	SH	147	147	216	226	158	168	143	143	191	201	255	255	154	158	186	190	234	238	245	251	246	246	130	140	138	166	171	187	85	99
sSH147	SH	147	163	216	226	158	158	143	143	191	205	205	255	154	158	186	186	238	238	251	251	226	242	150	162	138	166	171	181	85	99
sSH148	SH	145	147	194	228	158	158	143	147	191	201	205	255	158	160	186	186	238	242	251	255	228	238	130	140	138	166	177	181	95	103
sSH149	SH	145	147	226	228	162	166	143	143	191	205	205	255	138	138	186	186	238	242	251	251	228	246	130	130	138	166	171	179	101	101
sSH150	SH	147	147	204	206	158	168	143	147	191	205	205	255	140	140	186	186	238	238	255	255	226	242	130	140	154	166	165	171	101	103
sSH151	SH	147	165	226	226	172	172	143	143	191	205	205	255	154	158	186	186	238	242	255	255	242	242	130	140	138	166	147	147	91	101
sSH160	SH	147	147	226	226	158	158	143	143	191	205	255	255	154	158	186	186	236	238	251	251	242	242	130	140	138	166	147	171	91	101
sSH169	SH	145	145	218	226	158	168	143	145	191	205	255	255	154	158	186	190	238	246	245	255	242	246	141	140	138	166	185	187	101	103
sSH17	SH	147	157	194	206	158	168	143	143	205	205	255	255	154	158	186	186	236	248	255	255	238	238	130	140	138	166	147	181	103	103
sSH38	SH	147	157	194	226	158	168	143	143	205	205	255	255	154	158	186	190	236	246	255	255	228	238	140	140	138	166	147	185	101	101
sSH39	SH	145	157	218	220	168	168	143	143	191	205	255	255	154	158	186	186	243	242	251	255	242	242	132	144	138	166	177	179	101	101
sSH40	SH	149	159	226	226	158	168	143	143	191	201	255	255	154	154	186	186	242	242	255	255	230	230	130	140	138	166	171	171	101	101
sSH41	SH	145	149	194	228	168	168	143	143	191	205	205	255	138	144	186	190	236	246	245	255	242	242	130	140	138	166	171	179	85	101
sSH42	SH	147	159	220	226	168	168	143	145	191	205	205	255	154	154	186	190	236	246	245	251	228	246	130	140	138	166	179	185	85	99
sSH43	SH	147	149	204	226	158	158	143	145	191	205	205	255	138	138	190	190	236	238	245	255	238	246	130	140	138	166	147	171	101	101
sSH5	SH	157	165	206	216	158	158	145	147	191	205	205	255	138	140	186	186	244	246	251	255	242	242	130	140	138	166	171	185	101	101
sSH6	SH	143	145	194	226	168	168	143	145	191	205	205	255	154	154	186	190	236	246	251	255	242	242	130	140	138	166	147	179	101	101
sSH71	SH	145	157	206	226	158	172	143	147	205	205	205	255	138	138	186	190	238	246	239	255	242	242	130	140	138	166	147	165	101	103
sSH72	SH	147	159	226	226	168	172	143	145	205	205	255	255	148	154	186	186	238	246	255	255	242	246	130	140	138	166	147	179	101	101
sSH74	SH	145	147	226	234	158	168	143	143	191	205	205	255	154	154	186	186	238	248	255	255	230	230	140	162	138	166	171	181	91	101
sSH75	SH	145	147	206	216	158	168	143	143	191	205	205	255	154	154	186	186	236	248	255	255	242	246	130	140	138	166	171	181	93	101
sSH76	SH	145	147	226	226	158	158	143	145	201	201	205	255	154	158	186	186	248	248	241	251	226	242	130	140	138	166	171	177	93	101
sSH77	SH	145	147	204	226	158	168	143	143	201	201	255	255	154	160	186	186	238	248	251	255	226	246	130	140	138	166	147	179	101	103
sSH78	SH	145	147	224	226	157	168	143	145	191	205	205	255	138	138	186	186	238	246	251	251	226	242	130	140	138	166	177	177	93	93
sSH79	SH	145	165	226	234	168	168	143	143	191	205	205	255	140	140	186	186	238	246	251	255	242	242	130	140	138	166	171	171	101	103
sSH7	SH	159	159	206	220	168	168	143	145	205	205	255	255	138	138	186	190	238	246	251	255	238	242	140	140	138	166	147	171	101	103
sSH80	SH	145	147	226	226	168	168	143	143	191	201	205	255	138	158	186	190	238	246	255	255	230	230	150	166	138	166	147	147	85	103
sSH81	SH	145	147	226	226	164	164	143	143	191	205	205	255	154	154	186	186	230	246	251	255	228	228	140	162	138	166	171	177	103	103
sSH82	SH	147	159	194	204	168	168	143	145	191	205	205	255	154	158	186	190	243	248	255	255	226	242	130	140	138	166	171	177	101	101
sSH83	SH	145	147	218	228	164	168	143	143	205	205	255	255	160	162	186	186	236	238	251	255	242	242	141	140	138	166	147	177	101	101
sSH84	SH	147	165	194	226	168	168	143	143	191	205	205	255	158	160	186	190	238	238	245	251	242	246	130	140	138	166	179	179	91	101
sSH9	SH	147	165	218	226	168	168	143	143	205	205	255	255	158	160	186	190	248	248	239	255	242	242	130	140	138	166	147	171	103	103
sSO125	SO	145	145	226	234	168	168	145	145	191	205	255	255	138	154	186	186	238	238	255	255	242	246	140	144	138	166	171	177	101	101
sSO126	SO	145	145	218	228	158	168	143	145	191	205	205	255	154	158	186	186	238	246	255	255	238	242	130	140	138	166	171	179	101	103
sSO127	SO	145	165	226	226	168	168	143	143	191	205	205	255	138	160	186	186	236	246	245	255	238	242	140	162	138	166	147	179	101	101
sSO128	SO	145	147	206	206	168	168	143	143	191	205	205	255	138	138	190	190	236	238	251	257	242	242	140	162	138	166	179	185	101	103
sSO129	SO	147	145	194	204	158	158	145	147	191	205	205	255	140	170	186	186	236	238	255	255	228	228	130	140	138	166	179	181	101	101
sSO12	SO	145	157	202	216	158	158	143	143	205	205	241	255	138	170	186	186	236	238	251	255	242	242	140	146	154	166	179	181	101	101
sSO130	SO	145	147	226	226	158	168	143	143	191	205	205	255	154	154	186	186	236	238	245	255	246	246	130	140	138	166	177	177	99	101
sSO131	SO	147	163	214	224	168	168	143	145	201	201	205	255	152	152	186	186	236	238	251	255	238	242	140	162	138	166	179	171	99	101
sSO132	SO	147	165	194	226	158	168	143	147	191	205	255	255	152	152	186	190	238	248	251	251	242	242	140	140	138	166	171	179	101	101
sSO133	SO	145	147	206	226	158	168	145	145	191	205	205	255	140	140	186	186	236	238	255	257	242	242	130	140	138	166	171	171	91	99
sSO134	SO	145	147	196	226	158	158	145	145	205	205	255	255	142	154	190	190	236	238	245	251	242	246	154	166	138	166	147	181	101	101
sSO135	SO	145	147	226	226	158	158	143	145	191	205	255	255	142	158	190	190	236	238	245	251	242	246	154	166	138	166	147	181	101	101
sSO136	SO	143	163	208	220	168	168	143	143	205	205	255	255	142	142	186	190	236	238	251	255	226	242	144	166	138	166	177	177	101	109
sSO137	SO	145	159	216	226	158	168	143	143	191	205	205	255	138	138	186	186	236	238	251	255	242	242	140	162	138	166	171	179	101	103
sSO156	SO	145	145	226	226	158	168	143	143	191	205	255	255	154	158	186	188	236	238	251	257	242	242	140	166	138	166	147	147	101	101
sSO157	SO	145	149	194	204	158	168	143	143	191	201	205	255	138	158	186	190	236	246	251	255	242	242	132	132	138	166	171	179	101	101
sSO168	SO	145	149	224	226	168	168	143	145	191	201	205	255	138	140	186	186	242	242	251	251	242	242	130	140	138	166	179	185	101	103
sSO173	SO	145	145	194	194	158	158	143	145	191	205	205	255	138	154	186	190	236	238	255	255	226	242	162	162	138	166	181	181	101	101
sSO185	SO	147	165	194	226	158	168	143	143	191	205	205	255	154	154	186	190	238	238	251	255	226	242	130	140	138	166	147	171	99	103
sSO46	SO	143	143	194	226	168	168	143	143	201	201	255	255	154	154	186	190	238	246	255	255	242	246	140	144	138	166	179	179	99	101
sSO47	SO	157	157	204	206	158	168	143	143	205	205	255	255	154	154	186	190	236	238	239	251	242	242	130	140	138	166	171	179	101	101
sSO48	SO	147	147	226	226	158	168	143	143	191	205	255	255	154	154	186	190	236	238	255	255	242	242	140	140	138	166	147	147	99	101
sSO49	SO	143	143	194	206	158	168	143	143	191	205	205	255	140	142	186	186	236	238	255	255	226	226	130	142	138	166	147	147	101	103
sSO50	SO	145	147	226	226	158	172	143	143	191	205	255	255	154	158	186	186	238	238	255	255	226	242	130	140	138	166	177	185	101	101
sSO51	SO	147	147	226	226	158	168	143	145	191	205	255	255	138	158	186	186	238	238	251	251	238	246	130	140	138	166	179	179	85	101
sSO52	SO	147	147	226	226	168	168	143	143	191	205	205	255	138	138	186	186	236	238	251	255	242	242	130	140	138	166	177	179	85	105
sSO53	SO	147	147	196	226	158	168	143	145	191	205	255	255	138	138	186	186	236	238	251	251	238	242	140	166	138	166	171	179	85	101
sSO54	SO	147	147	226	226	158	168	143	145	191	205	205	255	138	154	186	186	238	238	251	251	238	238	130	140	138	166	179	179	86	85
sSO55	SO	147	147	226	226	158	168	143	143	205	205	255	255	144	162	186	186	238	238	251	255	246	246	130	140	138	166	177	177	101	105
sSO56	SO	147	147	226	228	158	158	143	145	191	205	205	255	155	158	186	186	238	238	251	251	230	246	130	140	138	166	177	179	85	85
sSO85	SO	147	165	194	226	168	168	143	143	201	201	205	255	148	160	186	190	236	238	255	255	242	246	154	166	138	166	171	179	85	101
sSO86	SO	145	159	220	226	164	168	143	143	205	205	205	255	148	154	186	190	236	238	251	255	242	242	130	140	138	166	171	171	103	103
sSO87	SO	147	147	204	204	154	168	143	147	189	201	205	255	140	140	186	186	242	246	251	255	242	242	130	130	138	166	171	185	85	99
sSO88	SO	147	157	194	194	158	168	143	143	201	201	255	255	154	160	186	186	236	238	255	255	242	246	140	144	138	166	171	179	85	99
sSO89	SO	147	157	192	202	169	168	143	143	191	201	205	255	154	158	186	190	236	246	251	251	242	246	130	140	138	166	171	171	101	101
sSO90	SO	147	147	220	226	168	168	143	143	191	205	205	255	138	160	186	190	238	246	255	257	230	246	130	140	138	138	171	179	101	101
sSO91	SO	145	147	194	194	158	168	143	143	201	205	205	255	150	154	186	186	238	246	251	255	246	246	140	144	138	166	177	179	101	103
sSO92	SO	147	161	226	226	168	168	143	143	191	205	255	255	138	154	186	186	238	238	255	255	242	242	130	140	138	166	147	179	99	99
sSO93	SO	145	147	194	208	164	164	143	143	191	191	205	205	154	154	186	190	242	246	255	255	242	242	130	140	154	166	147	147	93	93
sSO94	SO	143	145	226	228	168	168	143	143	191	205	205	255	140	170	186	186	238	246	251	251	242	242	150	162	154	166	147	177	103	103